15 24
0 0.25 4
1 0 0 0
0 0 0
1 0 0 0
-2 1 0
0.988219 0.0847385 0.122212 -0.0361505
0.5 0.75 0
1 0 0 0
0.7 0 0
1 0 0 0
-0.5 0.75 0
1 0 0 0
-0.7 0 0
1 0 0 0
0.375 -0.75 0
1 0 0 0
0 -1 0
1 0 0 0
-0.375 -0.75 0
1 0 0 0
0 -1 0
1 0 0 0
0 1.1 0
1 0 0 0
2 1 0
0.988387 0.116592 -0.0890237 0.0396677
0.5 0.75 0
1 0 0 0
0.7 0 0
1 0 0 0
-0.5 0.75 0
1 0 0 0
-0.7 0 0
1 0 0 0
0.375 -0.75 0
1 0 0 0
0 -1 0
1 0 0 0
-0.375 -0.75 0
1 0 0 0
0 -1 0
1 0 0 0
0 1.1 0
1 0 0 0
4 2.5 1
1 0 0 0
-4 2.5 -1
1 0 0 0
0 0.25 4
1 0 0 0
0 0 0
1 0 0 0
-2 1 0
0.803931 0.0515471 0.592415 0.00906217
0.5 0.75 0
1 0 0 0
0.7 0 0
1 0 0 0
-0.5 0.75 0
1 0 0 0
-0.7 0 0
1 0 0 0
0.375 -0.75 0
1 0 0 0
0 -1 0
1 0 0 0
-0.375 -0.75 0
1 0 0 0
0 -1 0
1 0 0 0
0 1.1 0
1 0 0 0
2 1 0
0.896651 0.0363823 -0.439522 -0.0389153
0.5 0.75 0
1 0 0 0
0.7 0 0
1 0 0 0
-0.5 0.75 0
1 0 0 0
-0.7 0 0
1 0 0 0
0.375 -0.75 0
1 0 0 0
0 -1 0
1 0 0 0
-0.375 -0.75 0
1 0 0 0
0 -1 0
1 0 0 0
0 1.1 0
1 0 0 0
4 2.5 1
1 0 0 0
-0.68438 2.39909 -1
1 0 0 0
0 0.25 4
1 0 0 0
0 0 0
1 0 0 0
-2 1 0
0.737634 0.0789384 0.669694 0.0342758
0.5 0.75 0
1 0 0 0
0.7 0 0
1 0 0 0
-0.5 0.75 0
1 0 0 0
-0.7 0 0
1 0 0 0
0.375 -0.75 -1.30104e-17
0.86349 -0.154243 0.478889 -0.0354902
2.80158e-16 -1 1.78677e-16
0.986412 0.0701922 -0.148533 -0.00144331
-0.375 -0.75 -3.79904e-16
0.99303 0.0229948 -0.0962886 -0.0639602
2.18575e-16 -1 2.91434e-16
0.982847 -0.0808239 -0.0555957 -0.156166
0 1.1 0
1 0 0 0
2 1 0
0.658923 0.113158 -0.741867 -0.051469
0.5 0.75 0
1 0 0 0
0.7 0 0
1 0 0 0
-0.5 0.75 0
1 0 0 0
-0.7 0 0
1 0 0 0
0.375 -0.75 6.57135e-16
0.985624 -0.11589 -0.120042 0.0265672
-3.07913e-16 -1 -4.33681e-18
0.986608 0.0412526 0.130797 0.0882858
-0.406726 -0.754667 -0.00361386
0.985089 0.0830664 0.143654 -0.045431
1.73472e-16 -1 -1.08464e-15
0.990255 -0.0575046 -0.036925 0.121348
0 1.1 0
1 0 0 0
4 2.5 1
1 0 0 0
4.26022 2.37026 -1.29976
1 0 0 0
0 0.25 4
1 0 0 0
0 0 0
1 0 0 0
-1.15235 1.02883 0
0.694406 0.0915081 0.71167 0.0543327
0.5 0.75 0
1 0 0 0
0.7 0 0
1 0 0 0
-0.5 0.75 0
1 0 0 0
-0.7 0 0
1 0 0 0
0.375 -0.75 -1.30104e-17
0.86349 -0.154243 0.478889 -0.0354902
2.80158e-16 -1 1.78677e-16
0.986412 0.0701922 -0.148533 -0.00144331
-0.375 -0.75 -3.79904e-16
0.99303 0.0229948 -0.0962886 -0.0639602
2.18575e-16 -1 2.91434e-16
0.982847 -0.0808239 -0.0555957 -0.156166
0 1.1 0
1 0 0 0
0.91017 0.988467 0
0.715688 0.11475 -0.68616 -0.061706
0.5 0.75 0
1 0 0 0
0.7 0 0
1 0 0 0
-0.5 0.75 0
1 0 0 0
-0.7 0 0
1 0 0 0
0.375 -0.75 6.57135e-16
0.985624 -0.11589 -0.120042 0.0265672
-3.07913e-16 -1 -4.33681e-18
0.986608 0.0412526 0.130797 0.0882858
-0.406726 -0.754667 -0.00361386
0.985089 0.0830664 0.143654 -0.045431
1.73472e-16 -1 -1.08464e-15
0.990255 -0.0575046 -0.036925 0.121348
0 1.1 0
1 0 0 0
4 2.5 1
1 0 0 0
-0.475352 2.35584 -2.32377
1 0 0 0
0 0.25 4
1 0 0 0
0 0 0
1 0 0 0
-1.15235 1.02883 0
0.694406 0.0915081 0.71167 0.0543327
0.5 0.75 -1.30798e-15
0.711068 0.369164 -0.598415 -0.000333755
0.7 0 0
1 0 0 0
-0.5 0.75 0
1 0 0 0
-0.7 0 0
1 0 0 0
0.375 -0.75 -1.30104e-17
0.86349 -0.154243 0.478889 -0.0354902
2.80158e-16 -1 1.78677e-16
0.986412 0.0701922 -0.148533 -0.00144331
-0.375 -0.75 -3.79904e-16
0.99303 0.0229948 -0.0962886 -0.0639602
2.18575e-16 -1 2.91434e-16
0.982847 -0.0808239 -0.0555957 -0.156166
0 1.1 0
1 0 0 0
0.91017 0.988467 0
0.715688 0.11475 -0.68616 -0.061706
0.5 0.75 1.334e-15
0.690006 0.203136 -0.681738 -0.133644
0.7 0 0
1 0 0 0
-0.5 0.75 0
1 0 0 0
-0.7 0 0
1 0 0 0
0.375 -0.75 6.57135e-16
0.985624 -0.11589 -0.120042 0.0265672
-3.07913e-16 -1 -4.33681e-18
0.986608 0.0412526 0.130797 0.0882858
-0.406726 -0.754667 -0.00361386
0.985089 0.0830664 0.143654 -0.045431
1.73472e-16 -1 -1.08464e-15
0.990255 -0.0575046 -0.036925 0.121348
0 1.1 0
1 0 0 0
4 2.5 1
1 0 0 0
-4 2.5 -1
1 0 0 0
0 0.25 4
1 0 0 0
0 0 0
1 0 0 0
-1.15235 1.02883 0
0.694406 0.0915081 0.71167 0.0543327
0.5 0.75 -1.30798e-15
0.711068 0.369164 -0.598415 -0.000333755
0.7 1.63064e-16 -1.70567e-15
0.816785 -0.145332 -0.554395 0.0662319
-0.5 0.75 0
1 0 0 0
-0.7 0 0
1 0 0 0
0.375 -0.75 -1.30104e-17
0.86349 -0.154243 0.478889 -0.0354902
2.80158e-16 -1 1.78677e-16
0.986412 0.0701922 -0.148533 -0.00144331
-0.375 -0.75 -3.79904e-16
0.99303 0.0229948 -0.0962886 -0.0639602
2.18575e-16 -1 2.91434e-16
0.982847 -0.0808239 -0.0555957 -0.156166
0 1.1 0
1 0 0 0
0.91017 0.988467 0
0.715688 0.11475 -0.68616 -0.061706
0.5 0.75 1.334e-15
0.690006 0.203136 -0.681738 -0.133644
0.7 -1.75055e-15 1.96891e-16
0.938303 0.000529113 -0.345814 -0.000720743
-0.5 0.75 0
1 0 0 0
-0.7 0 0
1 0 0 0
0.375 -0.75 6.57135e-16
0.985624 -0.11589 -0.120042 0.0265672
-3.07913e-16 -1 -4.33681e-18
0.986608 0.0412526 0.130797 0.0882858
-0.406726 -0.754667 -0.00361386
0.985089 0.0830664 0.143654 -0.045431
1.73472e-16 -1 -1.08464e-15
0.990255 -0.0575046 -0.036925 0.121348
0 1.1 0
1 0 0 0
4 2.5 1
1 0 0 0
-4 2.5 -1
1 0 0 0
0 0.25 4
1 0 0 0
0 0 0
1 0 0 0
-1.15235 1.02883 0
0.694406 0.0915081 0.71167 0.0543327
0.5 0.75 -1.30798e-15
0.711068 0.369164 -0.598415 -0.000333755
0.7 -5.98046e-16 -2.12417e-15
0.756037 -0.236502 -0.595316 0.134435
-0.5 0.75 0
1 0 0 0
-0.7 0 0
1 0 0 0
0.375 -0.75 -1.30104e-17
0.86349 -0.154243 0.478889 -0.0354902
2.80158e-16 -1 1.78677e-16
0.986412 0.0701922 -0.148533 -0.00144331
-0.375 -0.75 -3.79904e-16
0.99303 0.0229948 -0.0962886 -0.0639602
2.18575e-16 -1 2.91434e-16
0.982847 -0.0808239 -0.0555957 -0.156166
0 1.1 0
1 0 0 0
0.91017 0.988467 0
0.715688 0.11475 -0.68616 -0.061706
0.5 0.75 1.334e-15
0.690006 0.203136 -0.681738 -0.133644
0.7 -3.43042e-15 2.16081e-16
0.904872 0.0548903 -0.380106 0.183611
-0.5 0.75 0
1 0 0 0
-0.7 0 0
1 0 0 0
0.375 -0.75 6.57135e-16
0.985624 -0.11589 -0.120042 0.0265672
-3.07913e-16 -1 -4.33681e-18
0.986608 0.0412526 0.130797 0.0882858
-0.406726 -0.754667 -0.00361386
0.985089 0.0830664 0.143654 -0.045431
1.73472e-16 -1 -1.08464e-15
0.990255 -0.0575046 -0.036925 0.121348
0 1.1 0
1 0 0 0
4 2.5 1
1 0 0 0
-4 2.5 -1
1 0 0 0
0 0.25 4
1 0 0 0
0 0 0
1 0 0 0
-1.15235 1.02883 0
0.694406 0.0915081 0.71167 0.0543327
0.5 0.75 -1.30798e-15
0.711068 0.369164 -0.598415 -0.000333755
0.7 -5.84331e-16 -2.51535e-15
0.840428 -0.0546794 -0.539151 -0.00272817
-0.5 0.75 0
1 0 0 0
-0.7 0 0
1 0 0 0
0.375 -0.75 -1.30104e-17
0.86349 -0.154243 0.478889 -0.0354902
2.80158e-16 -1 1.78677e-16
0.986412 0.0701922 -0.148533 -0.00144331
-0.375 -0.75 -3.79904e-16
0.99303 0.0229948 -0.0962886 -0.0639602
2.18575e-16 -1 2.91434e-16
0.982847 -0.0808239 -0.0555957 -0.156166
0 1.1 0
1 0 0 0
0.91017 0.988467 0
0.715688 0.11475 -0.68616 -0.061706
0.5 0.75 1.334e-15
0.690006 0.203136 -0.681738 -0.133644
0.7 -8.09942e-15 -7.69784e-17
0.900159 0.30856 -0.28368 0.118446
-0.5 0.75 0
1 0 0 0
-0.7 0 0
1 0 0 0
0.375 -0.75 6.57135e-16
0.985624 -0.11589 -0.120042 0.0265672
-3.07913e-16 -1 -4.33681e-18
0.986608 0.0412526 0.130797 0.0882858
-0.406726 -0.754667 -0.00361386
0.985089 0.0830664 0.143654 -0.045431
1.73472e-16 -1 -1.08464e-15
0.990255 -0.0575046 -0.036925 0.121348
0 1.1 0
1 0 0 0
4 2.5 1
1 0 0 0
-4 2.5 -1
1 0 0 0
0 0.25 4
1 0 0 0
0 0 0
1 0 0 0
-1.15235 1.02883 0
0.948853 0.134182 0.28562 0.00970834
0.5 0.75 -4.79651e-15
0.918656 -0.148737 -0.365826 -0.0109484
0.7 -1.50054e-16 -1.92901e-15
0.728956 -0.670499 0.0905078 0.104226
-0.5 0.75 0
1 0 0 0
-0.7 2.84495e-16 -1.05992e-15
0.973539 -0.0305564 0.188486 -0.125542
0.375 -0.75 -1.30104e-17
0.86349 -0.154243 0.478889 -0.0354902
2.80158e-16 -1 1.78677e-16
0.986412 0.0701922 -0.148533 -0.00144331
-0.375 -0.75 -3.79904e-16
0.99303 0.0229948 -0.0962886 -0.0639602
2.18575e-16 -1 2.91434e-16
0.982847 -0.0808239 -0.0555957 -0.156166
0 1.1 0
1 0 0 0
0.91017 0.988467 0
0.981018 0.0187167 -0.192934 -0.00541459
0.5 0.75 1.79023e-15
0.978511 0.121673 -0.0690866 -0.151459
0.7 -1.00232e-14 -4.23273e-16
0.95733 0.0171952 0.0698682 0.279895
-0.5 0.75 -1.07987e-15
0.98625 0.0511895 0.155986 0.0189445
-0.7 0 0
1 0 0 0
0.375 -0.75 6.57135e-16
0.985624 -0.11589 -0.120042 0.0265672
-3.07913e-16 -1 -4.33681e-18
0.986608 0.0412526 0.130797 0.0882858
-0.406726 -0.754667 -0.00361386
0.985089 0.0830664 0.143654 -0.045431
1.73472e-16 -1 -1.08464e-15
0.990255 -0.0575046 -0.036925 0.121348
0 1.1 0
1 0 0 0
4 2.5 1
1 0 0 0
-4 2.5 -1
1 0 0 0
0 0.25 4
1 0 0 0
0 0 0
1 0 0 0
-1.15235 1.02883 0
0.948853 0.134182 0.28562 0.00970834
0.5 0.75 -4.79651e-15
0.918656 -0.148737 -0.365826 -0.0109484
0.7 -1.50054e-16 -1.92901e-15
0.728956 -0.670499 0.0905078 0.104226
-0.5 0.75 0
1 0 0 0
-0.7 7.20778e-16 -1.55626e-15
0.838713 -0.107578 0.405299 -0.347447
0.375 -0.75 -1.30104e-17
0.86349 -0.154243 0.478889 -0.0354902
2.80158e-16 -1 1.78677e-16
0.986412 0.0701922 -0.148533 -0.00144331
-0.375 -0.75 -3.79904e-16
0.99303 0.0229948 -0.0962886 -0.0639602
2.18575e-16 -1 2.91434e-16
0.982847 -0.0808239 -0.0555957 -0.156166
0 1.1 0
1 0 0 0
0.91017 0.988467 0
0.981018 0.0187167 -0.192934 -0.00541459
0.5 0.75 1.79023e-15
0.978511 0.121673 -0.0690866 -0.151459
0.7 -9.21832e-15 7.00828e-16
0.779463 -0.0931852 -0.188161 0.590211
-0.5 0.75 -1.07987e-15
0.98625 0.0511895 0.155986 0.0189445
-0.7 0 0
1 0 0 0
0.375 -0.75 6.57135e-16
0.985624 -0.11589 -0.120042 0.0265672
-3.07913e-16 -1 -4.33681e-18
0.986608 0.0412526 0.130797 0.0882858
-0.406726 -0.754667 -0.00361386
0.985089 0.0830664 0.143654 -0.045431
1.73472e-16 -1 -1.08464e-15
0.990255 -0.0575046 -0.036925 0.121348
0 1.1 0
1 0 0 0
4 2.5 1
1 0 0 0
-4 2.5 -1
1 0 0 0
0 0.25 4
1 0 0 0
0 0 0
1 0 0 0
-1.15235 1.02883 0
0.948853 0.134182 0.28562 0.00970834
0.5 0.75 -4.79651e-15
0.918656 -0.148737 -0.365826 -0.0109484
0.7 -1.50054e-16 -1.92901e-15
0.728956 -0.670499 0.0905078 0.104226
-0.5 0.75 0
1 0 0 0
-0.7 1.0044e-15 -1.58077e-15
0.942847 -0.0130635 0.318237 -0.0979537
0.375 -0.75 -1.30104e-17
0.86349 -0.154243 0.478889 -0.0354902
2.80158e-16 -1 1.78677e-16
0.986412 0.0701922 -0.148533 -0.00144331
-0.375 -0.75 -3.79904e-16
0.99303 0.0229948 -0.0962886 -0.0639602
2.18575e-16 -1 2.91434e-16
0.982847 -0.0808239 -0.0555957 -0.156166
0 1.1 0
1 0 0 0
0.91017 0.988467 0
0.981018 0.0187167 -0.192934 -0.00541459
0.5 0.75 1.79023e-15
0.978511 0.121673 -0.0690866 -0.151459
0.7 -8.91908e-15 1.10849e-15
0.942913 -0.0132954 0.0576858 0.327736
-0.5 0.75 -1.07987e-15
0.98625 0.0511895 0.155986 0.0189445
-0.7 0 0
1 0 0 0
0.375 -0.75 6.57135e-16
0.985624 -0.11589 -0.120042 0.0265672
-3.07913e-16 -1 -4.33681e-18
0.986608 0.0412526 0.130797 0.0882858
-0.406726 -0.754667 -0.00361386
0.985089 0.0830664 0.143654 -0.045431
1.73472e-16 -1 -1.08464e-15
0.990255 -0.0575046 -0.036925 0.121348
0 1.1 0
1 0 0 0
4 2.5 1
1 0 0 0
-4 2.5 -1
1 0 0 0
0 0.25 4
1 0 0 0
0 0 0
1 0 0 0
-1.15235 1.02883 0
0.948853 0.134182 0.28562 0.00970834
0.5 0.75 -4.79651e-15
0.918656 -0.148737 -0.365826 -0.0109484
0.7 -1.50054e-16 -1.92901e-15
0.728956 -0.670499 0.0905078 0.104226
-0.5 0.75 -9.22873e-16
0.887714 0.290803 0.0896934 0.345473
-0.7 2.25536e-15 -2.28512e-15
0.996586 0.0685051 0.0329723 -0.0322005
0.375 -0.75 -1.30104e-17
0.86349 -0.154243 0.478889 -0.0354902
2.80158e-16 -1 1.78677e-16
0.986412 0.0701922 -0.148533 -0.00144331
-0.375 -0.75 -3.79904e-16
0.99303 0.0229948 -0.0962886 -0.0639602
2.18575e-16 -1 2.91434e-16
0.982847 -0.0808239 -0.0555957 -0.156166
0 1.1 0
1 0 0 0
0.91017 0.988467 0
0.981018 0.0187167 -0.192934 -0.00541459
0.5 0.75 2.26381e-15
0.875231 0.299579 0.0537409 -0.375946
0.7 -8.2781e-15 1.10675e-15
0.883713 0.453464 -0.115756 -0.00472942
-0.5 0.75 -1.07987e-15
0.98625 0.0511895 0.155986 0.0189445
-0.7 0 0
1 0 0 0
0.375 -0.75 6.57135e-16
0.985624 -0.11589 -0.120042 0.0265672
-3.07913e-16 -1 -4.33681e-18
0.986608 0.0412526 0.130797 0.0882858
-0.406726 -0.754667 -0.00361386
0.985089 0.0830664 0.143654 -0.045431
1.73472e-16 -1 -1.08464e-15
0.990255 -0.0575046 -0.036925 0.121348
0 1.1 0
1 0 0 0
4 2.5 1
1 0 0 0
-4 2.5 -1
1 0 0 0
0 0.25 4
1 0 0 0
0 0 0
1 0 0 0
-1.15235 1.02883 0
0.948853 0.134182 0.28562 0.00970834
0.5 0.75 -4.79651e-15
0.918656 -0.148737 -0.365826 -0.0109484
0.7 -1.50054e-16 -1.92901e-15
0.728956 -0.670499 0.0905078 0.104226
-0.5 0.75 -9.22873e-16
0.887714 0.290803 0.0896934 0.345473
-0.7 2.25536e-15 -2.28512e-15
0.996586 0.0685051 0.0329723 -0.0322005
0.375 -0.75 -1.30104e-17
0.86349 -0.154243 0.478889 -0.0354902
2.80158e-16 -1 1.78677e-16
0.986412 0.0701922 -0.148533 -0.00144331
-0.375 -0.75 -3.79904e-16
0.99303 0.0229948 -0.0962886 -0.0639602
2.18575e-16 -1 2.91434e-16
0.982847 -0.0808239 -0.0555957 -0.156166
0 1.1 0
1 0 0 0
0.91017 0.988467 0
0.981018 0.0187167 -0.192934 -0.00541459
0.5 0.75 2.26381e-15
0.875231 0.299579 0.0537409 -0.375946
0.7 -8.2781e-15 1.10675e-15
0.883713 0.453464 -0.115756 -0.00472942
-0.5 0.75 -1.07987e-15
0.98625 0.0511895 0.155986 0.0189445
-0.7 0 0
1 0 0 0
0.375 -0.75 6.57135e-16
0.985624 -0.11589 -0.120042 0.0265672
-3.07913e-16 -1 -4.33681e-18
0.986608 0.0412526 0.130797 0.0882858
-0.406726 -0.754667 -0.00361386
0.985089 0.0830664 0.143654 -0.045431
1.73472e-16 -1 -1.08464e-15
0.990255 -0.0575046 -0.036925 0.121348
0 1.1 0
1 0 0 0
4 2.5 1
1 0 0 0
-0.63057 2.55711 -4.47249
0.999975 0.00499453 0.00498634 0.000292014
0 0.25 4
1 0 0 0
0 0 0
1 0 0 0
-1.15235 1.02883 0
0.948853 0.134182 0.28562 0.00970834
0.5 0.75 -4.79651e-15
0.918656 -0.148737 -0.365826 -0.0109484
0.7 -1.50054e-16 -1.92901e-15
0.728956 -0.670499 0.0905078 0.104226
-0.5 0.75 -9.22873e-16
0.887714 0.290803 0.0896934 0.345473
-0.7 2.25536e-15 -2.28512e-15
0.996586 0.0685051 0.0329723 -0.0322005
0.375 -0.75 -1.30104e-17
0.86349 -0.154243 0.478889 -0.0354902
2.80158e-16 -1 1.78677e-16
0.986412 0.0701922 -0.148533 -0.00144331
-0.375 -0.75 -3.79904e-16
0.99303 0.0229948 -0.0962886 -0.0639602
2.18575e-16 -1 2.91434e-16
0.982847 -0.0808239 -0.0555957 -0.156166
0 1.1 0
1 0 0 0
0.91017 0.988467 0
0.981018 0.0187167 -0.192934 -0.00541459
0.5 0.75 2.26381e-15
0.875231 0.299579 0.0537409 -0.375946
0.7 -8.2781e-15 1.10675e-15
0.883713 0.453464 -0.115756 -0.00472942
-0.5 0.75 -1.07987e-15
0.98625 0.0511895 0.155986 0.0189445
-0.7 0 0
1 0 0 0
0.375 -0.75 6.57135e-16
0.985624 -0.11589 -0.120042 0.0265672
-3.07913e-16 -1 -4.33681e-18
0.986608 0.0412526 0.130797 0.0882858
-0.406726 -0.754667 -0.00361386
0.985089 0.0830664 0.143654 -0.045431
1.73472e-16 -1 -1.08464e-15
0.990255 -0.0575046 -0.036925 0.121348
0 1.1 0
1 0 0 0
4 2.5 1
1 0 0 0
5.4856 2.24002 -1.65637
0.99995 0.00503152 0.00494901 -0.00715412
0 0.25 4
1 0 0 0
0 0 0
1 0 0 0
-1.15235 1.02883 0
0.948853 0.134182 0.28562 0.00970834
0.5 0.75 -4.79651e-15
0.918656 -0.148737 -0.365826 -0.0109484
0.7 -1.50054e-16 -1.92901e-15
0.728956 -0.670499 0.0905078 0.104226
-0.5 0.75 -9.22873e-16
0.887714 0.290803 0.0896934 0.345473
-0.7 2.25536e-15 -2.28512e-15
0.996586 0.0685051 0.0329723 -0.0322005
0.375 -0.75 -1.30104e-17
0.86349 -0.154243 0.478889 -0.0354902
2.80158e-16 -1 1.78677e-16
0.986412 0.0701922 -0.148533 -0.00144331
-0.375 -0.75 -3.79904e-16
0.99303 0.0229948 -0.0962886 -0.0639602
2.18575e-16 -1 2.91434e-16
0.982847 -0.0808239 -0.0555957 -0.156166
0 1.1 0
1 0 0 0
0.91017 0.988467 0
0.981018 0.0187167 -0.192934 -0.00541459
0.5 0.75 2.26381e-15
0.875231 0.299579 0.0537409 -0.375946
0.7 -8.2781e-15 1.10675e-15
0.883713 0.453464 -0.115756 -0.00472942
-0.5 0.75 -1.07987e-15
0.98625 0.0511895 0.155986 0.0189445
-0.7 0 0
1 0 0 0
0.375 -0.75 6.57135e-16
0.985624 -0.11589 -0.120042 0.0265672
-3.07913e-16 -1 -4.33681e-18
0.986608 0.0412526 0.130797 0.0882858
-0.406726 -0.754667 -0.00361386
0.985089 0.0830664 0.143654 -0.045431
1.73472e-16 -1 -1.08464e-15
0.990255 -0.0575046 -0.036925 0.121348
0 1.1 0
1 0 0 0
4 2.5 1
1 0 0 0
-4.27821 2.11321 -0.898041
0.99995 0.00503152 0.00494901 -0.00715412
